


	Problem Size (nT x nS x nH):65x12x81
	CPU Time(ms): 2
	Obj Value: 41

			Turmas x Horarios 
			0 			0 			0 			0 			0 			0 			0 			1 			1 			0 			0 			0 			0 			0 			0 			0 			0 			0 			0 			0 			0 			0 			0 			0 			0 			0 			0 			0 			0 			0 			0 			0 			0 			0 			0 			0 			0 			0 			0 			1 			1 			0 			0 			0 			0 			0 			0 			0 			0 			0 			0 			0 			0 			0 			0 			0 			0 			0 			0 			0 			0 			0 			0 			0 			0 			0 			0 			0 			0 			0 			0 			0 			0 			0 			0 			0 			0 			0 			0 			0 			0 
			0 			0 			0 			0 			0 			0 			0 			0 			0 			1 			1 			0 			0 			0 			0 			0 			0 			0 			0 			0 			0 			0 			0 			0 			0 			0 			0 			0 			0 			0 			0 			0 			0 			0 			0 			0 			0 			0 			0 			0 			0 			1 			1 			0 			0 			0 			0 			0 			0 			0 			0 			0 			0 			0 			0 			0 			0 			0 			0 			0 			0 			0 			0 			0 			0 			0 			0 			0 			0 			0 			0 			0 			0 			0 			0 			0 			0 			0 			0 			0 			0 
			0 			1 			1 			0 			0 			0 			0 			0 			0 			0 			0 			0 			0 			0 			0 			0 			0 			0 			0 			0 			0 			0 			0 			0 			0 			0 			0 			0 			0 			0 			0 			0 			0 			1 			1 			0 			0 			0 			0 			0 			0 			0 			0 			0 			0 			0 			0 			0 			0 			0 			0 			0 			0 			0 			0 			0 			0 			0 			0 			0 			0 			0 			0 			0 			0 			0 			0 			0 			0 			0 			0 			0 			0 			0 			0 			0 			0 			0 			0 			0 			0 
			0 			0 			0 			0 			0 			0 			0 			0 			0 			0 			0 			0 			0 			0 			0 			0 			0 			1 			1 			0 			0 			0 			0 			0 			0 			0 			0 			0 			0 			0 			0 			0 			0 			0 			0 			0 			0 			0 			0 			0 			0 			0 			0 			0 			0 			0 			0 			0 			0 			1 			1 			0 			0 			0 			0 			0 			0 			0 			0 			0 			0 			0 			0 			0 			0 			0 			0 			0 			0 			0 			0 			0 			0 			0 			0 			0 			0 			0 			0 			0 			0 
			0 			0 			0 			0 			0 			1 			1 			0 			0 			0 			0 			0 			0 			0 			0 			0 			0 			0 			0 			0 			0 			0 			0 			0 			0 			0 			0 			0 			0 			0 			0 			0 			0 			0 			0 			0 			0 			1 			1 			0 			0 			0 			0 			0 			0 			0 			0 			0 			0 			0 			0 			0 			0 			0 			0 			0 			0 			0 			0 			0 			0 			0 			0 			0 			0 			0 			0 			0 			0 			0 			0 			0 			0 			0 			0 			0 			0 			0 			0 			0 			0 
			0 			0 			0 			1 			1 			0 			0 			0 			0 			0 			0 			0 			0 			0 			0 			0 			0 			0 			0 			0 			0 			0 			0 			0 			0 			0 			0 			0 			0 			0 			0 			0 			0 			0 			0 			1 			1 			0 			0 			0 			0 			0 			0 			0 			0 			0 			0 			0 			0 			0 			0 			0 			0 			0 			0 			0 			0 			0 			0 			0 			0 			0 			0 			0 			0 			0 			0 			0 			0 			0 			0 			0 			0 			0 			0 			0 			0 			0 			0 			0 			0 
			0 			0 			0 			0 			0 			0 			0 			0 			0 			0 			0 			0 			0 			0 			0 			0 			0 			0 			0 			1 			1 			0 			0 			0 			0 			0 			0 			0 			0 			0 			0 			0 			0 			0 			0 			0 			0 			0 			0 			0 			0 			0 			0 			0 			0 			0 			0 			0 			0 			0 			0 			1 			1 			0 			0 			0 			0 			0 			0 			0 			0 			0 			0 			0 			0 			0 			0 			0 			0 			0 			0 			0 			0 			0 			0 			0 			0 			0 			0 			0 			0 
			0 			0 			0 			0 			0 			0 			0 			0 			0 			0 			0 			0 			0 			0 			0 			0 			0 			0 			0 			0 			0 			0 			0 			0 			0 			0 			0 			0 			0 			0 			0 			0 			0 			0 			0 			0 			0 			0 			0 			0 			0 			1 			1 			1 			1 			0 			0 			0 			0 			0 			0 			0 			0 			0 			0 			0 			0 			0 			0 			0 			0 			0 			0 			0 			0 			0 			0 			0 			0 			0 			0 			0 			0 			0 			0 			0 			0 			0 			0 			0 			0 
			0 			0 			0 			0 			0 			0 			0 			0 			0 			0 			0 			0 			0 			0 			0 			0 			0 			0 			0 			0 			0 			0 			0 			0 			0 			1 			1 			0 			0 			0 			0 			0 			0 			0 			0 			0 			0 			0 			0 			0 			0 			0 			0 			0 			0 			0 			0 			0 			0 			0 			0 			0 			0 			0 			0 			0 			0 			0 			0 			0 			0 			0 			0 			0 			0 			0 			0 			0 			0 			0 			0 			0 			0 			1 			1 			0 			0 			0 			0 			0 			0 
			0 			0 			0 			0 			0 			0 			0 			0 			0 			0 			0 			0 			0 			0 			0 			0 			0 			0 			0 			0 			0 			0 			0 			0 			0 			0 			0 			0 			0 			0 			0 			0 			0 			0 			0 			0 			0 			1 			1 			0 			0 			0 			0 			0 			0 			0 			0 			0 			0 			0 			0 			0 			0 			0 			0 			0 			0 			0 			0 			0 			0 			0 			0 			0 			0 			0 			0 			0 			0 			1 			1 			0 			0 			0 			0 			0 			0 			0 			0 			0 			0 
			0 			0 			0 			0 			0 			0 			0 			0 			0 			0 			0 			0 			0 			0 			0 			0 			0 			0 			0 			0 			0 			1 			1 			0 			0 			0 			0 			0 			0 			0 			0 			0 			0 			0 			0 			0 			0 			0 			0 			0 			0 			0 			0 			0 			0 			0 			0 			0 			0 			0 			0 			0 			0 			1 			1 			0 			0 			0 			0 			0 			0 			0 			0 			0 			0 			0 			0 			0 			0 			0 			0 			0 			0 			0 			0 			0 			0 			0 			0 			0 			0 
			0 			0 			0 			0 			0 			0 			0 			0 			0 			0 			0 			1 			1 			0 			0 			0 			0 			0 			0 			0 			0 			0 			0 			0 			0 			0 			0 			1 			1 			0 			0 			0 			0 			0 			0 			0 			0 			0 			0 			0 			0 			0 			0 			0 			0 			0 			0 			0 			0 			0 			0 			0 			0 			0 			0 			0 			0 			0 			0 			0 			0 			0 			0 			0 			0 			0 			0 			0 			0 			0 			0 			0 			0 			0 			0 			0 			0 			0 			0 			0 			0 
			0 			0 			0 			0 			0 			0 			0 			0 			0 			0 			0 			0 			0 			0 			0 			0 			0 			0 			0 			0 			0 			0 			0 			0 			0 			0 			0 			0 			0 			0 			0 			0 			0 			0 			0 			0 			0 			0 			0 			0 			0 			0 			0 			1 			1 			0 			0 			0 			0 			0 			0 			0 			0 			0 			0 			0 			0 			0 			0 			0 			0 			0 			0 			0 			0 			0 			0 			0 			0 			0 			0 			0 			0 			0 			0 			0 			0 			0 			0 			0 			0 
			0 			0 			0 			0 			0 			0 			0 			0 			0 			0 			0 			0 			0 			0 			0 			0 			0 			1 			1 			0 			0 			0 			0 			0 			0 			0 			0 			0 			0 			0 			0 			0 			0 			0 			0 			0 			0 			0 			0 			0 			0 			0 			0 			0 			0 			0 			0 			0 			0 			1 			1 			0 			0 			0 			0 			0 			0 			0 			0 			0 			0 			0 			0 			0 			0 			0 			0 			0 			0 			0 			0 			0 			0 			0 			0 			0 			0 			0 			0 			0 			0 
			0 			0 			0 			0 			0 			1 			1 			0 			0 			0 			0 			0 			0 			0 			0 			0 			0 			0 			0 			0 			0 			0 			0 			0 			0 			0 			0 			0 			0 			0 			0 			0 			0 			0 			0 			0 			0 			1 			1 			0 			0 			0 			0 			0 			0 			0 			0 			0 			0 			0 			0 			0 			0 			0 			0 			0 			0 			0 			0 			0 			0 			0 			0 			0 			0 			0 			0 			0 			0 			0 			0 			0 			0 			0 			0 			0 			0 			0 			0 			0 			0 
			0 			0 			0 			0 			0 			0 			0 			0 			0 			0 			0 			0 			0 			0 			0 			0 			0 			0 			0 			0 			0 			0 			0 			0 			0 			1 			1 			0 			0 			0 			0 			0 			0 			0 			0 			0 			0 			0 			0 			0 			0 			0 			0 			0 			0 			0 			0 			0 			0 			0 			0 			0 			0 			0 			0 			0 			0 			1 			1 			0 			0 			0 			0 			0 			0 			0 			0 			0 			0 			0 			0 			0 			0 			0 			0 			0 			0 			0 			0 			0 			0 
			0 			0 			0 			0 			0 			0 			0 			0 			0 			0 			0 			0 			0 			0 			0 			0 			0 			0 			0 			0 			0 			0 			0 			0 			0 			0 			0 			0 			0 			0 			0 			0 			0 			0 			0 			0 			0 			0 			0 			0 			0 			0 			0 			0 			0 			0 			0 			0 			0 			1 			1 			0 			0 			0 			0 			0 			0 			0 			0 			0 			0 			0 			0 			0 			0 			1 			1 			0 			0 			0 			0 			0 			0 			0 			0 			0 			0 			0 			0 			0 			0 
			0 			0 			0 			0 			0 			0 			0 			1 			1 			0 			0 			0 			0 			0 			0 			0 			0 			0 			0 			0 			0 			0 			0 			0 			0 			0 			0 			0 			0 			0 			0 			0 			0 			0 			0 			0 			0 			0 			0 			0 			0 			0 			0 			0 			0 			0 			0 			0 			0 			0 			0 			0 			0 			0 			0 			0 			0 			0 			0 			0 			0 			0 			0 			0 			0 			0 			0 			0 			0 			0 			0 			1 			1 			0 			0 			0 			0 			0 			0 			0 			0 
			0 			0 			0 			0 			0 			0 			0 			0 			0 			0 			0 			0 			0 			0 			0 			0 			0 			0 			0 			0 			0 			0 			0 			1 			1 			0 			0 			0 			0 			0 			0 			0 			0 			0 			0 			0 			0 			0 			0 			0 			0 			0 			0 			0 			0 			0 			0 			0 			0 			0 			0 			0 			0 			0 			0 			1 			1 			0 			0 			0 			0 			0 			0 			0 			0 			0 			0 			0 			0 			0 			0 			0 			0 			0 			0 			0 			0 			0 			0 			0 			0 
			0 			0 			0 			0 			0 			0 			0 			0 			0 			0 			0 			0 			0 			0 			0 			0 			0 			0 			0 			0 			0 			0 			0 			0 			0 			0 			0 			0 			0 			0 			0 			0 			0 			0 			0 			0 			0 			1 			1 			0 			0 			0 			0 			0 			0 			0 			0 			0 			0 			0 			0 			0 			0 			0 			0 			0 			0 			0 			0 			0 			0 			0 			0 			0 			0 			0 			0 			0 			0 			1 			1 			0 			0 			0 			0 			0 			0 			0 			0 			0 			0 
			0 			0 			0 			0 			0 			0 			0 			1 			1 			0 			0 			0 			0 			0 			0 			0 			0 			0 			0 			0 			0 			0 			0 			1 			1 			0 			0 			0 			0 			0 			0 			0 			0 			0 			0 			0 			0 			0 			0 			0 			0 			0 			0 			0 			0 			0 			0 			0 			0 			0 			0 			0 			0 			0 			0 			0 			0 			0 			0 			0 			0 			0 			0 			0 			0 			0 			0 			0 			0 			0 			0 			0 			0 			0 			0 			0 			0 			0 			0 			0 			0 
			0 			0 			0 			0 			0 			0 			0 			0 			0 			0 			0 			1 			1 			0 			0 			0 			0 			0 			0 			0 			0 			0 			0 			0 			0 			0 			0 			0 			0 			0 			0 			0 			0 			0 			0 			0 			0 			0 			0 			0 			0 			0 			0 			1 			1 			0 			0 			0 			0 			0 			0 			0 			0 			0 			0 			0 			0 			0 			0 			0 			0 			0 			0 			0 			0 			0 			0 			0 			0 			0 			0 			0 			0 			0 			0 			0 			0 			0 			0 			0 			0 
			0 			0 			0 			0 			0 			0 			0 			0 			0 			1 			1 			0 			0 			0 			0 			0 			0 			0 			0 			0 			0 			0 			0 			0 			0 			0 			0 			0 			0 			0 			0 			0 			0 			0 			0 			0 			0 			0 			0 			0 			0 			1 			1 			0 			0 			0 			0 			0 			0 			0 			0 			0 			0 			0 			0 			0 			0 			0 			0 			0 			0 			0 			0 			0 			0 			0 			0 			0 			0 			0 			0 			0 			0 			0 			0 			0 			0 			0 			0 			0 			0 
			0 			0 			0 			0 			0 			0 			0 			0 			0 			1 			1 			0 			0 			0 			0 			0 			0 			0 			0 			0 			0 			0 			0 			0 			0 			0 			0 			0 			0 			0 			0 			0 			0 			0 			0 			0 			0 			0 			0 			0 			0 			1 			1 			0 			0 			0 			0 			0 			0 			0 			0 			0 			0 			0 			0 			0 			0 			0 			0 			0 			0 			0 			0 			0 			0 			0 			0 			0 			0 			0 			0 			0 			0 			0 			0 			0 			0 			0 			0 			0 			0 
			0 			0 			0 			0 			0 			0 			0 			1 			1 			0 			0 			0 			0 			0 			0 			0 			0 			0 			0 			0 			0 			0 			0 			0 			0 			0 			0 			0 			0 			0 			0 			0 			0 			0 			0 			0 			0 			0 			0 			1 			1 			0 			0 			0 			0 			0 			0 			0 			0 			0 			0 			0 			0 			0 			0 			0 			0 			0 			0 			0 			0 			0 			0 			0 			0 			0 			0 			0 			0 			0 			0 			0 			0 			0 			0 			0 			0 			0 			0 			0 			0 
			0 			0 			0 			1 			1 			0 			0 			0 			0 			0 			0 			0 			0 			0 			0 			0 			0 			0 			0 			0 			0 			0 			0 			0 			0 			0 			0 			0 			0 			0 			0 			0 			0 			0 			0 			1 			1 			0 			0 			0 			0 			0 			0 			0 			0 			0 			0 			0 			0 			0 			0 			0 			0 			0 			0 			0 			0 			0 			0 			0 			0 			0 			0 			0 			0 			0 			0 			0 			0 			0 			0 			0 			0 			0 			0 			0 			0 			0 			0 			0 			0 
			0 			0 			0 			0 			0 			0 			0 			0 			0 			0 			0 			0 			0 			0 			0 			0 			0 			0 			0 			0 			0 			0 			0 			0 			0 			1 			1 			0 			0 			0 			0 			0 			0 			0 			0 			0 			0 			0 			0 			0 			0 			0 			0 			0 			0 			0 			0 			0 			0 			0 			0 			0 			0 			0 			0 			0 			0 			1 			1 			0 			0 			0 			0 			0 			0 			0 			0 			0 			0 			0 			0 			0 			0 			0 			0 			1 			1 			0 			0 			0 			0 
			0 			0 			0 			0 			0 			0 			0 			0 			0 			0 			0 			0 			0 			0 			0 			0 			0 			0 			0 			0 			0 			0 			0 			0 			0 			0 			0 			0 			0 			0 			0 			0 			0 			0 			0 			0 			0 			0 			0 			0 			0 			0 			0 			0 			0 			0 			0 			0 			0 			0 			0 			0 			0 			1 			1 			0 			0 			0 			0 			0 			0 			0 			0 			0 			0 			0 			0 			1 			1 			0 			0 			0 			0 			0 			0 			0 			0 			0 			0 			0 			0 
			0 			0 			0 			0 			0 			0 			0 			0 			0 			0 			0 			0 			0 			0 			0 			0 			0 			0 			0 			0 			0 			0 			0 			0 			0 			0 			0 			0 			0 			0 			0 			0 			0 			0 			0 			0 			0 			0 			0 			0 			0 			0 			0 			0 			0 			0 			0 			0 			0 			0 			0 			1 			1 			0 			0 			0 			0 			0 			0 			0 			0 			0 			0 			0 			0 			0 			0 			0 			0 			1 			1 			0 			0 			0 			0 			0 			0 			0 			0 			0 			0 
			0 			0 			0 			1 			1 			0 			0 			0 			0 			0 			0 			0 			0 			0 			0 			0 			0 			0 			0 			0 			0 			0 			0 			0 			0 			0 			0 			0 			0 			0 			0 			0 			0 			0 			0 			1 			1 			0 			0 			0 			0 			0 			0 			0 			0 			0 			0 			0 			0 			0 			0 			0 			0 			0 			0 			0 			0 			0 			0 			0 			0 			0 			0 			0 			0 			0 			0 			0 			0 			0 			0 			0 			0 			0 			0 			0 			0 			0 			0 			0 			0 
			0 			0 			0 			0 			0 			0 			0 			0 			0 			0 			0 			0 			0 			0 			0 			0 			0 			0 			0 			0 			0 			0 			0 			0 			0 			0 			0 			1 			1 			0 			0 			0 			0 			0 			0 			0 			0 			0 			0 			0 			0 			0 			0 			0 			0 			0 			0 			0 			0 			0 			0 			0 			0 			0 			0 			0 			0 			0 			0 			1 			1 			0 			0 			0 			0 			0 			0 			0 			0 			0 			0 			0 			0 			0 			0 			0 			0 			0 			0 			0 			0 
			0 			0 			0 			0 			0 			0 			0 			0 			0 			1 			1 			0 			0 			0 			0 			0 			0 			0 			0 			0 			0 			0 			0 			0 			0 			0 			0 			0 			0 			0 			0 			0 			0 			0 			0 			0 			0 			0 			0 			0 			0 			1 			1 			0 			0 			0 			0 			0 			0 			0 			0 			0 			0 			0 			0 			0 			0 			0 			0 			0 			0 			0 			0 			0 			0 			0 			0 			0 			0 			0 			0 			0 			0 			0 			0 			0 			0 			0 			0 			0 			0 
			0 			0 			0 			1 			1 			0 			0 			0 			0 			0 			0 			0 			0 			0 			0 			0 			0 			0 			0 			0 			0 			0 			0 			0 			0 			0 			0 			0 			0 			0 			0 			0 			0 			0 			0 			1 			1 			0 			0 			0 			0 			0 			0 			0 			0 			0 			0 			0 			0 			0 			0 			0 			0 			0 			0 			0 			0 			0 			0 			0 			0 			0 			0 			0 			0 			0 			0 			0 			0 			0 			0 			0 			0 			0 			0 			0 			0 			0 			0 			0 			0 
			0 			0 			0 			0 			0 			0 			0 			0 			0 			0 			0 			0 			0 			0 			0 			0 			0 			0 			0 			0 			0 			0 			0 			1 			1 			1 			1 			0 			0 			0 			0 			0 			0 			0 			0 			0 			0 			0 			0 			0 			0 			0 			0 			0 			0 			0 			0 			0 			0 			0 			0 			0 			0 			0 			0 			0 			0 			0 			0 			0 			0 			0 			0 			0 			0 			0 			0 			0 			0 			0 			0 			0 			0 			0 			0 			0 			0 			0 			0 			0 			0 
			0 			0 			0 			0 			0 			0 			0 			0 			0 			0 			0 			0 			0 			0 			0 			0 			0 			0 			0 			0 			0 			0 			0 			0 			0 			1 			1 			0 			0 			0 			0 			0 			0 			0 			0 			0 			0 			0 			0 			0 			0 			0 			0 			0 			0 			0 			0 			0 			0 			0 			0 			0 			0 			0 			0 			0 			0 			1 			1 			0 			0 			0 			0 			0 			0 			0 			0 			0 			0 			0 			0 			0 			0 			0 			0 			0 			0 			0 			0 			0 			0 
			0 			0 			0 			1 			1 			1 			0 			0 			0 			0 			0 			0 			0 			0 			0 			0 			0 			0 			0 			1 			1 			1 			0 			0 			0 			0 			0 			0 			0 			0 			0 			0 			0 			0 			0 			1 			1 			1 			0 			0 			0 			0 			0 			0 			0 			0 			0 			0 			0 			0 			0 			1 			1 			1 			0 			0 			0 			0 			0 			0 			0 			0 			0 			0 			0 			0 			0 			0 			0 			0 			0 			0 			0 			0 			0 			0 			0 			0 			0 			0 			0 
			0 			0 			0 			0 			0 			1 			1 			0 			0 			0 			0 			0 			0 			0 			0 			0 			0 			0 			0 			0 			0 			0 			0 			0 			0 			0 			0 			0 			0 			0 			0 			0 			0 			0 			0 			0 			0 			1 			1 			0 			0 			0 			0 			0 			0 			0 			0 			0 			0 			0 			0 			0 			0 			0 			0 			0 			0 			0 			0 			0 			0 			0 			0 			0 			0 			0 			0 			0 			0 			0 			0 			0 			0 			0 			0 			0 			0 			0 			0 			0 			0 
			0 			0 			0 			0 			0 			0 			0 			0 			0 			1 			1 			0 			0 			0 			0 			0 			0 			0 			0 			0 			0 			0 			0 			0 			0 			0 			0 			0 			0 			0 			0 			0 			0 			0 			0 			0 			0 			0 			0 			0 			0 			1 			1 			0 			0 			0 			0 			0 			0 			0 			0 			0 			0 			0 			0 			0 			0 			0 			0 			0 			0 			0 			0 			0 			0 			0 			0 			0 			0 			0 			0 			0 			0 			0 			0 			0 			0 			0 			0 			0 			0 
			0 			0 			0 			0 			0 			0 			0 			0 			0 			1 			1 			0 			0 			0 			0 			0 			0 			0 			0 			0 			0 			0 			0 			0 			0 			0 			0 			0 			0 			0 			0 			0 			0 			0 			0 			0 			0 			0 			0 			0 			0 			1 			1 			0 			0 			0 			0 			0 			0 			0 			0 			0 			0 			0 			0 			0 			0 			0 			0 			0 			0 			0 			0 			0 			0 			0 			0 			0 			0 			0 			0 			0 			0 			0 			0 			0 			0 			0 			0 			0 			0 
			0 			0 			0 			0 			0 			0 			0 			0 			0 			0 			0 			1 			1 			0 			0 			0 			0 			0 			0 			0 			0 			0 			0 			0 			0 			0 			0 			0 			0 			0 			0 			0 			0 			0 			0 			0 			0 			0 			0 			0 			0 			0 			0 			1 			1 			0 			0 			0 			0 			0 			0 			0 			0 			0 			0 			0 			0 			0 			0 			0 			0 			0 			0 			0 			0 			0 			0 			0 			0 			0 			0 			0 			0 			0 			0 			0 			0 			0 			0 			0 			0 
			0 			0 			0 			0 			0 			0 			0 			0 			0 			0 			0 			0 			0 			0 			0 			0 			0 			0 			0 			1 			1 			0 			0 			0 			0 			0 			0 			0 			0 			0 			0 			0 			0 			0 			0 			0 			0 			0 			0 			0 			0 			0 			0 			0 			0 			0 			0 			0 			0 			0 			0 			1 			1 			0 			0 			0 			0 			0 			0 			0 			0 			0 			0 			0 			0 			0 			0 			0 			0 			0 			0 			0 			0 			0 			0 			0 			0 			0 			0 			0 			0 
			0 			0 			0 			0 			0 			0 			0 			0 			0 			0 			0 			0 			0 			0 			0 			0 			0 			1 			1 			0 			0 			0 			0 			0 			0 			0 			0 			0 			0 			0 			0 			0 			0 			0 			0 			0 			0 			0 			0 			0 			0 			0 			0 			0 			0 			0 			0 			0 			0 			1 			1 			0 			0 			0 			0 			0 			0 			0 			0 			0 			0 			0 			0 			0 			0 			0 			0 			0 			0 			0 			0 			0 			0 			0 			0 			0 			0 			0 			0 			0 			0 
			0 			0 			0 			0 			0 			0 			0 			0 			0 			0 			0 			0 			0 			0 			0 			0 			0 			0 			0 			0 			0 			0 			0 			1 			1 			0 			0 			0 			0 			0 			0 			0 			0 			0 			0 			0 			0 			0 			0 			0 			0 			0 			0 			0 			0 			0 			0 			0 			0 			0 			0 			0 			0 			0 			0 			1 			1 			0 			0 			0 			0 			0 			0 			0 			0 			0 			0 			0 			0 			0 			0 			0 			0 			0 			0 			0 			0 			0 			0 			0 			0 
			0 			0 			0 			0 			0 			0 			0 			0 			0 			1 			1 			0 			0 			0 			0 			0 			0 			0 			0 			0 			0 			0 			0 			0 			0 			0 			0 			0 			0 			0 			0 			0 			0 			0 			0 			0 			0 			0 			0 			0 			0 			1 			1 			0 			0 			0 			0 			0 			0 			0 			0 			0 			0 			0 			0 			0 			0 			0 			0 			0 			0 			0 			0 			0 			0 			0 			0 			0 			0 			0 			0 			0 			0 			0 			0 			0 			0 			0 			0 			0 			0 
			0 			0 			0 			0 			0 			0 			0 			0 			0 			0 			0 			0 			0 			0 			0 			0 			0 			0 			0 			0 			0 			0 			0 			1 			1 			0 			0 			0 			0 			0 			0 			0 			0 			0 			0 			0 			0 			0 			0 			0 			0 			0 			0 			0 			0 			0 			0 			0 			0 			0 			0 			0 			0 			0 			0 			0 			0 			0 			0 			0 			0 			0 			0 			0 			0 			0 			0 			0 			0 			0 			0 			0 			0 			0 			0 			0 			0 			0 			0 			0 			0 
			0 			0 			0 			0 			0 			0 			0 			0 			0 			0 			0 			0 			0 			0 			0 			0 			0 			0 			0 			0 			0 			0 			0 			0 			0 			0 			0 			0 			0 			0 			0 			0 			0 			0 			0 			0 			0 			0 			0 			0 			0 			0 			0 			0 			0 			0 			0 			0 			0 			0 			0 			0 			0 			0 			0 			0 			0 			0 			0 			0 			0 			0 			0 			0 			0 			0 			0 			0 			0 			0 			0 			1 			1 			1 			1 			0 			0 			0 			0 			0 			0 
			0 			0 			0 			0 			0 			0 			0 			0 			0 			0 			0 			0 			0 			0 			0 			0 			0 			0 			0 			0 			0 			0 			0 			0 			0 			0 			0 			0 			0 			0 			0 			0 			0 			0 			0 			0 			0 			0 			0 			0 			0 			0 			0 			0 			0 			0 			0 			0 			0 			0 			0 			0 			0 			0 			0 			0 			0 			0 			0 			0 			0 			0 			0 			0 			0 			0 			0 			0 			0 			0 			0 			0 			0 			1 			1 			1 			1 			0 			0 			0 			0 
			0 			0 			0 			0 			0 			0 			0 			0 			0 			0 			0 			0 			0 			0 			0 			0 			0 			0 			0 			0 			0 			0 			0 			0 			0 			0 			0 			0 			0 			0 			0 			0 			0 			0 			0 			0 			0 			0 			0 			0 			0 			0 			0 			0 			0 			0 			0 			0 			0 			0 			0 			0 			0 			0 			0 			0 			0 			0 			0 			0 			0 			0 			0 			0 			0 			0 			0 			0 			0 			0 			0 			1 			1 			1 			1 			0 			0 			0 			0 			0 			0 
			0 			0 			0 			1 			1 			0 			0 			0 			0 			0 			0 			0 			0 			0 			0 			0 			0 			0 			0 			0 			0 			0 			0 			0 			0 			0 			0 			0 			0 			0 			0 			0 			0 			0 			0 			1 			1 			0 			0 			0 			0 			0 			0 			0 			0 			0 			0 			0 			0 			0 			0 			0 			0 			0 			0 			0 			0 			0 			0 			0 			0 			0 			0 			0 			0 			0 			0 			0 			0 			0 			0 			0 			0 			0 			0 			0 			0 			0 			0 			0 			0 
			0 			1 			1 			0 			0 			0 			0 			0 			0 			0 			0 			0 			0 			0 			0 			0 			0 			0 			0 			0 			0 			0 			0 			0 			0 			0 			0 			0 			0 			0 			0 			0 			0 			1 			1 			0 			0 			0 			0 			0 			0 			0 			0 			0 			0 			0 			0 			0 			0 			0 			0 			0 			0 			0 			0 			0 			0 			0 			0 			0 			0 			0 			0 			0 			0 			0 			0 			0 			0 			0 			0 			0 			0 			0 			0 			0 			0 			0 			0 			0 			0 
			0 			0 			0 			0 			0 			0 			0 			0 			0 			0 			0 			0 			0 			0 			0 			0 			0 			0 			0 			0 			0 			0 			0 			0 			0 			0 			0 			0 			0 			0 			0 			0 			0 			0 			0 			0 			0 			0 			0 			0 			0 			0 			0 			0 			0 			0 			0 			0 			0 			0 			0 			0 			0 			0 			0 			0 			0 			0 			0 			0 			0 			0 			0 			0 			0 			0 			0 			0 			0 			0 			0 			1 			1 			1 			1 			0 			0 			0 			0 			0 			0 
			0 			0 			0 			0 			0 			0 			0 			0 			0 			0 			0 			0 			0 			0 			0 			0 			0 			0 			0 			0 			0 			0 			0 			1 			1 			0 			0 			0 			0 			0 			0 			0 			0 			0 			0 			0 			0 			0 			0 			0 			0 			0 			0 			1 			1 			0 			0 			0 			0 			0 			0 			0 			0 			0 			0 			0 			0 			0 			0 			0 			0 			0 			0 			0 			0 			0 			0 			0 			0 			0 			0 			0 			0 			0 			0 			0 			0 			0 			0 			0 			0 
			0 			0 			0 			0 			0 			0 			0 			0 			0 			0 			0 			1 			1 			0 			0 			0 			0 			0 			0 			0 			0 			0 			0 			0 			0 			0 			0 			0 			0 			0 			0 			0 			0 			0 			0 			0 			0 			0 			0 			0 			0 			0 			0 			1 			1 			0 			0 			0 			0 			0 			0 			0 			0 			0 			0 			0 			0 			0 			0 			0 			0 			0 			0 			0 			0 			0 			0 			0 			0 			0 			0 			0 			0 			0 			0 			0 			0 			0 			0 			0 			0 
			0 			0 			0 			0 			0 			0 			0 			0 			0 			0 			0 			1 			1 			0 			0 			0 			0 			0 			0 			0 			0 			0 			0 			0 			0 			0 			0 			1 			1 			0 			0 			0 			0 			0 			0 			0 			0 			0 			0 			0 			0 			0 			0 			0 			0 			0 			0 			0 			0 			0 			0 			0 			0 			0 			0 			0 			0 			0 			0 			0 			0 			0 			0 			0 			0 			0 			0 			0 			0 			0 			0 			0 			0 			0 			0 			0 			0 			0 			0 			0 			0 
			0 			0 			0 			0 			0 			0 			0 			0 			0 			0 			0 			0 			0 			0 			0 			0 			0 			0 			0 			0 			0 			0 			0 			0 			0 			0 			0 			1 			1 			0 			0 			0 			0 			0 			0 			0 			0 			0 			0 			0 			0 			0 			0 			0 			0 			0 			0 			0 			0 			0 			0 			0 			0 			0 			0 			0 			0 			0 			0 			1 			1 			0 			0 			0 			0 			0 			0 			0 			0 			0 			0 			0 			0 			0 			0 			0 			0 			0 			0 			0 			0 
			0 			0 			0 			0 			0 			0 			0 			0 			0 			0 			0 			0 			0 			0 			0 			0 			0 			0 			0 			0 			0 			0 			0 			0 			0 			0 			0 			0 			0 			0 			0 			0 			0 			0 			0 			0 			0 			0 			0 			0 			0 			0 			0 			0 			0 			0 			0 			0 			0 			0 			0 			0 			0 			0 			0 			1 			1 			0 			0 			0 			0 			0 			0 			0 			0 			0 			0 			0 			0 			0 			0 			0 			0 			0 			0 			0 			0 			0 			0 			0 			0 
			0 			0 			0 			0 			0 			1 			1 			0 			0 			0 			0 			0 			0 			0 			0 			0 			0 			0 			0 			0 			0 			0 			0 			0 			0 			0 			0 			0 			0 			0 			0 			0 			0 			0 			0 			0 			0 			1 			1 			0 			0 			0 			0 			0 			0 			0 			0 			0 			0 			0 			0 			0 			0 			0 			0 			0 			0 			0 			0 			0 			0 			0 			0 			0 			0 			0 			0 			0 			0 			0 			0 			0 			0 			0 			0 			0 			0 			0 			0 			0 			0 
			0 			0 			0 			0 			0 			0 			0 			0 			0 			0 			0 			0 			0 			0 			0 			0 			0 			0 			0 			0 			0 			0 			0 			0 			0 			0 			0 			0 			0 			0 			0 			0 			0 			0 			0 			0 			0 			0 			0 			1 			1 			1 			1 			0 			0 			0 			0 			0 			0 			0 			0 			0 			0 			0 			0 			0 			0 			0 			0 			0 			0 			0 			0 			0 			0 			0 			0 			0 			0 			0 			0 			0 			0 			0 			0 			0 			0 			0 			0 			0 			0 
			0 			0 			0 			0 			0 			0 			0 			0 			0 			0 			0 			0 			0 			0 			0 			0 			0 			0 			0 			0 			0 			1 			1 			0 			0 			0 			0 			0 			0 			0 			0 			0 			0 			0 			0 			0 			0 			0 			0 			0 			0 			0 			0 			0 			0 			0 			0 			0 			0 			0 			0 			0 			0 			1 			1 			0 			0 			0 			0 			0 			0 			0 			0 			0 			0 			0 			0 			0 			0 			0 			0 			0 			0 			0 			0 			0 			0 			0 			0 			0 			0 
			0 			0 			0 			0 			0 			0 			0 			0 			0 			0 			0 			0 			0 			0 			0 			0 			0 			0 			0 			1 			1 			1 			0 			0 			0 			0 			0 			0 			0 			0 			0 			0 			0 			0 			0 			0 			0 			0 			0 			0 			0 			0 			0 			0 			0 			0 			0 			0 			0 			0 			0 			1 			1 			1 			0 			0 			0 			0 			0 			0 			0 			0 			0 			0 			0 			0 			0 			0 			0 			0 			0 			0 			0 			0 			0 			0 			0 			0 			0 			0 			0 
			0 			0 			0 			0 			0 			0 			0 			0 			0 			0 			0 			0 			0 			0 			0 			0 			0 			0 			0 			0 			0 			0 			0 			0 			0 			0 			0 			0 			0 			0 			0 			0 			0 			0 			0 			0 			0 			0 			0 			1 			1 			0 			0 			0 			0 			0 			0 			0 			0 			0 			0 			0 			0 			0 			0 			0 			0 			0 			0 			0 			0 			0 			0 			0 			0 			0 			0 			0 			0 			0 			0 			1 			1 			0 			0 			0 			0 			0 			0 			0 			0 
			0 			0 			0 			0 			0 			0 			0 			0 			0 			0 			0 			0 			0 			0 			0 			0 			0 			0 			0 			0 			0 			0 			0 			1 			1 			0 			0 			0 			0 			0 			0 			0 			0 			0 			0 			0 			0 			0 			0 			0 			0 			0 			0 			0 			0 			0 			0 			0 			0 			0 			0 			0 			0 			0 			0 			1 			1 			0 			0 			0 			0 			0 			0 			0 			0 			0 			0 			0 			0 			0 			0 			0 			0 			0 			0 			0 			0 			0 			0 			0 			0 
			0 			0 			0 			0 			0 			0 			0 			1 			1 			0 			0 			0 			0 			0 			0 			0 			0 			0 			0 			0 			0 			0 			0 			0 			0 			0 			0 			0 			0 			0 			0 			0 			0 			0 			0 			0 			0 			0 			0 			1 			1 			0 			0 			0 			0 			0 			0 			0 			0 			0 			0 			0 			0 			0 			0 			0 			0 			0 			0 			0 			0 			0 			0 			0 			0 			0 			0 			0 			0 			0 			0 			0 			0 			0 			0 			0 			0 			0 			0 			0 			0 
			0 			0 			0 			0 			0 			0 			0 			1 			1 			0 			0 			0 			0 			0 			0 			0 			0 			0 			0 			0 			0 			0 			0 			0 			0 			0 			0 			0 			0 			0 			0 			0 			0 			0 			0 			0 			0 			0 			0 			0 			0 			0 			0 			0 			0 			0 			0 			0 			0 			0 			0 			0 			0 			0 			0 			1 			1 			0 			0 			0 			0 			0 			0 			0 			0 			0 			0 			0 			0 			0 			0 			0 			0 			0 			0 			0 			0 			0 			0 			0 			0 
			0 			0 			0 			0 			0 			0 			0 			0 			0 			0 			0 			0 			0 			0 			0 			0 			0 			0 			0 			0 			0 			0 			0 			0 			0 			0 			0 			0 			0 			0 			0 			0 			0 			0 			0 			0 			0 			0 			0 			0 			0 			0 			0 			0 			0 			0 			0 			0 			0 			0 			0 			0 			0 			0 			0 			0 			0 			1 			1 			0 			0 			0 			0 			0 			0 			0 			0 			0 			0 			0 			0 			0 			0 			0 			0 			0 			0 			0 			0 			0 			0 




			Salas x horarios


			0 			0 			0 			1 			1 			1 			0 			0 			0 			0 			0 			0 			0 			0 			0 			0 			0 			1 			1 			1 			1 			1 			0 			0 			0 			0 			0 			0 			0 			0 			0 			0 			0 			0 			0 			1 			1 			1 			0 			0 			0 			0 			0 			0 			0 			0 			0 			0 			0 			1 			1 			1 			1 			1 			0 			0 			0 			0 			0 			0 			0 			0 			0 			0 			0 			0 			0 			0 			0 			0 			0 			0 			0 			0 			0 			0 			0 			0 			0 			0 			0 
			0 			0 			0 			0 			0 			0 			0 			0 			0 			0 			0 			0 			0 			0 			0 			0 			0 			0 			0 			0 			0 			0 			0 			0 			0 			0 			0 			0 			0 			0 			0 			0 			0 			0 			0 			0 			0 			0 			0 			0 			0 			0 			0 			0 			0 			0 			0 			0 			0 			0 			0 			0 			0 			0 			0 			0 			0 			0 			0 			0 			0 			0 			0 			0 			0 			0 			0 			0 			0 			0 			0 			0 			0 			0 			0 			0 			0 			0 			0 			0 			0 
			0 			1 			1 			1 			1 			1 			1 			1 			1 			1 			1 			1 			1 			0 			0 			0 			0 			1 			1 			1 			1 			1 			1 			1 			1 			1 			1 			0 			0 			0 			0 			0 			0 			1 			1 			1 			1 			1 			1 			1 			1 			1 			1 			1 			1 			0 			0 			0 			0 			1 			1 			1 			1 			1 			1 			1 			1 			1 			1 			0 			0 			0 			0 			0 			0 			0 			0 			0 			0 			0 			0 			1 			1 			1 			1 			1 			1 			0 			0 			0 			0 
			0 			0 			0 			1 			1 			1 			1 			1 			1 			1 			1 			0 			0 			0 			0 			0 			0 			0 			0 			0 			0 			0 			0 			1 			1 			0 			0 			0 			0 			0 			0 			0 			0 			0 			0 			1 			1 			1 			1 			1 			1 			1 			1 			1 			1 			0 			0 			0 			0 			0 			0 			0 			0 			0 			0 			0 			0 			0 			0 			0 			0 			0 			0 			0 			0 			0 			0 			0 			0 			0 			0 			0 			0 			0 			0 			0 			0 			0 			0 			0 			0 
			0 			0 			0 			0 			0 			0 			0 			1 			1 			1 			1 			1 			1 			0 			0 			0 			0 			0 			0 			0 			0 			0 			0 			1 			1 			0 			0 			0 			0 			0 			0 			0 			0 			0 			0 			0 			0 			0 			0 			0 			0 			1 			1 			1 			1 			0 			0 			0 			0 			0 			0 			0 			0 			0 			0 			0 			0 			0 			0 			0 			0 			0 			0 			0 			0 			0 			0 			0 			0 			0 			0 			1 			1 			1 			1 			1 			1 			0 			0 			0 			0 
			0 			0 			0 			1 			1 			1 			1 			1 			1 			1 			1 			0 			0 			0 			0 			0 			0 			0 			0 			1 			1 			1 			1 			1 			1 			1 			1 			1 			1 			0 			0 			0 			0 			0 			0 			1 			1 			1 			1 			1 			1 			1 			1 			0 			0 			0 			0 			0 			0 			0 			0 			1 			1 			1 			1 			1 			1 			1 			1 			1 			1 			0 			0 			0 			0 			0 			0 			0 			0 			0 			0 			0 			0 			0 			0 			0 			0 			0 			0 			0 			0 
			0 			0 			0 			0 			0 			0 			0 			0 			0 			1 			1 			1 			1 			0 			0 			0 			0 			0 			0 			0 			0 			0 			0 			0 			0 			0 			0 			0 			0 			0 			0 			0 			0 			0 			0 			0 			0 			0 			0 			0 			0 			1 			1 			1 			1 			0 			0 			0 			0 			0 			0 			0 			0 			0 			0 			0 			0 			0 			0 			0 			0 			0 			0 			0 			0 			0 			0 			0 			0 			0 			0 			0 			0 			0 			0 			0 			0 			0 			0 			0 			0 
			0 			0 			0 			0 			0 			0 			0 			0 			0 			0 			0 			0 			0 			0 			0 			0 			0 			0 			0 			0 			0 			0 			0 			1 			1 			1 			1 			1 			1 			0 			0 			0 			0 			0 			0 			0 			0 			0 			0 			0 			0 			1 			1 			1 			1 			0 			0 			0 			0 			0 			0 			0 			0 			0 			0 			1 			1 			1 			1 			1 			1 			0 			0 			0 			0 			0 			0 			0 			0 			0 			0 			0 			0 			0 			0 			0 			0 			0 			0 			0 			0 
			0 			1 			1 			1 			1 			0 			0 			0 			0 			0 			0 			0 			0 			0 			0 			0 			0 			0 			0 			0 			0 			0 			0 			0 			0 			0 			0 			0 			0 			0 			0 			0 			0 			1 			1 			1 			1 			1 			1 			1 			1 			1 			1 			1 			1 			0 			0 			0 			0 			0 			0 			0 			0 			0 			0 			0 			0 			0 			0 			0 			0 			0 			0 			0 			0 			0 			0 			0 			0 			1 			1 			1 			1 			1 			1 			0 			0 			0 			0 			0 			0 
			0 			0 			0 			0 			0 			0 			0 			0 			0 			0 			0 			0 			0 			0 			0 			0 			0 			0 			0 			0 			0 			0 			0 			0 			0 			0 			0 			0 			0 			0 			0 			0 			0 			0 			0 			0 			0 			1 			1 			0 			0 			0 			0 			0 			0 			0 			0 			0 			0 			0 			0 			0 			0 			0 			0 			0 			0 			0 			0 			0 			0 			0 			0 			0 			0 			0 			0 			0 			0 			1 			1 			1 			1 			1 			1 			0 			0 			0 			0 			0 			0 
			0 			0 			0 			0 			0 			0 			0 			1 			1 			1 			1 			1 			1 			0 			0 			0 			0 			1 			1 			1 			1 			1 			0 			1 			1 			1 			1 			1 			1 			0 			0 			0 			0 			0 			0 			0 			0 			0 			0 			0 			0 			1 			1 			0 			0 			0 			0 			0 			0 			1 			1 			1 			1 			1 			0 			1 			1 			1 			1 			0 			0 			0 			0 			0 			0 			0 			0 			0 			0 			0 			0 			0 			0 			0 			0 			0 			0 			0 			0 			0 			0 
			0 			0 			0 			1 			1 			1 			1 			1 			1 			1 			1 			1 			1 			0 			0 			0 			0 			0 			0 			0 			0 			0 			0 			1 			1 			1 			1 			1 			1 			0 			0 			0 			0 			0 			0 			1 			1 			1 			1 			1 			1 			1 			1 			0 			0 			0 			0 			0 			0 			1 			1 			1 			1 			1 			1 			1 			1 			0 			0 			0 			0 			0 			0 			0 			0 			1 			1 			1 			1 			1 			1 			1 			1 			1 			1 			0 			0 			0 			0 			0 			0 


			 X[0][35] = 1
			 X[0][41] = 1
			 X[2][0] = 1
			 X[2][2] = 1
			 X[2][13] = 1
			 X[2][18] = 1
			 X[2][23] = 1
			 X[2][26] = 1
			 X[2][39] = 1
			 X[2][40] = 1
			 X[2][47] = 1
			 X[2][48] = 1
			 X[2][56] = 1
			 X[2][58] = 1
			 X[3][14] = 1
			 X[3][24] = 1
			 X[3][25] = 1
			 X[3][38] = 1
			 X[3][51] = 1
			 X[4][17] = 1
			 X[4][21] = 1
			 X[4][31] = 1
			 X[4][44] = 1
			 X[4][46] = 1
			 X[5][5] = 1
			 X[5][6] = 1
			 X[5][10] = 1
			 X[5][15] = 1
			 X[5][36] = 1
			 X[5][42] = 1
			 X[5][43] = 1
			 X[5][54] = 1
			 X[5][62] = 1
			 X[6][1] = 1
			 X[6][52] = 1
			 X[7][7] = 1
			 X[7][30] = 1
			 X[7][34] = 1
			 X[7][61] = 1
			 X[8][12] = 1
			 X[8][19] = 1
			 X[8][29] = 1
			 X[8][45] = 1
			 X[8][49] = 1
			 X[8][57] = 1
			 X[9][9] = 1
			 X[9][50] = 1
			 X[10][3] = 1
			 X[10][11] = 1
			 X[10][22] = 1
			 X[10][33] = 1
			 X[10][59] = 1
			 X[10][63] = 1
			 X[10][64] = 1
			 X[11][4] = 1
			 X[11][8] = 1
			 X[11][16] = 1
			 X[11][20] = 1
			 X[11][27] = 1
			 X[11][28] = 1
			 X[11][32] = 1
			 X[11][37] = 1
			 X[11][53] = 1
			 X[11][55] = 1
			 X[11][60] = 1


